-396464546
-2127030841
-27971186
-1346283299
-288414700
84679114
-1956555487
1628633479
1944819043
2142990719
1509472534
-1350738630
-1601887910
1805678329
87203126
-408635897
1770234108
-1401862717
476295478
1495840738
-1257619137
325600526
-866611987
-432870612
1786370809
-1377834000
2134282661
-24868259
564545846
259425838
839945910
-814614528
1269674020
615753015
1905537567
1809799189
137548095
-1863342978
-839131177
-1273517366
1148826029
519989720
933968355
2021399443
-131924698
-284886625
-1810599467
644786218
1474231002
-1576625844
-1729216746
-2138419643
-1299374597
-1815384140
2093733107
1237290204
-256444994
-937112725
563408363
-1752514493
376282698
1455261301
-875010672
-1646966124
-416045262
-482120315
1568176804
247641182
-1167383722
-188665604
2055698552
-250983938
1942073638
-1566109645
-1605636466
1016118457
-654707135
1579957613
-1979849544
-1884376720
-1004579435
247163060
950588336
-1275899816
-1496987072
-65987539
1128987074
499092670
-1497778504
-906907680
2003719304
-174677880
20001506
1275431429
-157991025
57576100
1479519843
1758090227
2041956081
1540132275
2069702167
91397476
1009056921
-784939546
1818490822
81550954
-854748867
-846177502
-293447259
-1865647963
2134587066
888785483
1140156242
-28813774
1671841393
1108488540
-741068923
195368891
-2061257827
-319522079
1438350125
-942233785
1144885637
1532112803
340963135
-393353779
748247323
94479002
1389606731
-1955859735
375354812
818349100
-679104961
-101623309
1052127551
1604214877
176566704
504455175
-2050179583
1138376363
1384483936
1518614466
-836596783
1774700243
-382025945
1388643347
1457882624
1757463550
1479533013
1607728700
1716753375
-2097093234
-1231687131
773442892
2128530538
1600422907
-1627736680
118322674
-360278725
83592423
2751018
-1698813744
315616938
320631685
1416193570
1271654878
-2318907
-1398283961
-1872491195
-20491078
-1598192774
1432425757
-1555113239
511876822
-1975317109
-1487800140
580577741
1595989471
-313046896
2017226392
132630968
-327409471
-233767186
-861392061
-300246874
-1151859005
190368487
-1434560636
1016978532
-1322956657
-1159678164
-146655318
-1467858204
1344785874
-2133712331
775529510
690599802
72630547
-1207461415
-2144879105
-1339985910
-364722383
-287580882
266529290
571512335
-2123200834
656398956
1709253312
-1611503952
470260723
-382816069
843688789
-853615554
-1679152651
-937852849
1771247406
1401068013
-364738076
-1636337877
-1173756823
-653925791
-1465996451
-2018676888
-1714389383
1835285095
-774257707
62511450
496047902
1887620230
1843746767
-1401584771
1034310067
1887277165
78692065
1268267167
1338807480
1383515978
-1394636066
-1253720752
2140617803
-935726146
-971192230
1682795377
1299172121
1324989071
439769114
-221315580
-1997474670
953633669
-306832138
673191647
-2057986900
-225861526
1379662843
1810752397
2016672754
-1886420859
1426144302
1317737997
2119923385
70403645
-868890785
-1717076528
-707242452
-1708441009
-712412471
1594127220
-868160638
1593061592
-870580813
1561904104
646441017
2003322092
-1214143632
-1115837007
563148583
1683367415
1613761765
-28291606
-80985600
120369407
234617996
-817456993
369437833
1251589939
228428598
918971680
624208406
1247512340
-1688741560
-480839804
-1845423385
-317835991
-2059439431
-1032122036
-1725846351
-864272400
130022033
53011184
783819964
607943316
-1748987744
-1950470400
-58346029
-1863666495
-1478679166
1181397348
490678108
1599911002
941136142
222549243
-1502282602
1286109705
-1319681211
-792237420
-751211442
926376045
-1765435717
-1874432156
-1123254271
2114871587
1084114366
1869508589
2136125188
1317774069
-1859661378
-943906812
1812706938
-1849601253
-2110965375
-1552022322
-1772676564
-405849185
2083446354
894738514
-735401687
-1776800086
115406938
1475599277
-1263644605
-1280170272
138141884
-1813360209
177599010
-1724471403
98809240
886160899
633709289
-1612296019
-174264772
1891137535
1943381154
608471655
-1848631971
1145498066
-4691812
1220394549
732440400
-60795478
-865737720
-1419833917
283047233
-1046705911
97611171
-900343062
-1297420945
-218267747
999689319
2020099027
1385780167
-1715065408
-1521605444
884262155
-1109949344
1375324831
638549880
-2084969672
245789249
1872303312
864242500
-1285388158
2060385738
1279537154
211209630
-2091581668
1112308471
-505373996
1056639917
-691212990
-507236335
-1902762553
-51198300
2071270910
1827849910
255457640
186637324
-877345079
2013250497
396045758
-704804938
937805290
-1583345022
159364114
1734034246
1741601564
462638852
-907116806
-1827249973
-2008413668
-481932329
-1901243285
1164582670
-652673034
-1768935180
2104523980
1772363051
1027748947
1404337872
1080951948
-32694709
-1065663487
-1575446530
782417647
1100380412
1781093045
1744235977
-1804306827
1430745481
-552800615
-194906981
-1954362798
-1132582501
724932786
-59590112
-362495302
1597659846
-857919395
-2051123033
570267165
1651609775
-1538380748
1338181396
-1869581209
838701639
-53425781
2068555146
1275106305
419893581
-1330497561
59390699
-1958595792
-1734481750
61760097
-764528172
-98705061
1086858336
-1803211339
-888781925
1612437671
-921015543
-1272654106
148220135
-1601601832
-673836896
-1251374828
-1543638539
-1053398148
-796652230
-697812699
49553278
27695753
-243111195
1944923151
1608662148
820723460
1925183430
-220072753
32321116
-1384875575
1287387639
-1499551948
-1085833833
1166630450
205449790
2031418494
1598353663
1826150193
1890835487
1281430349
155156985
1778044686
1585442810
2043907987
-319134773
1037858236
-2023944180
-441119584
1878468878
1674454150
2078520262
1386523674
-953693853
-1798377999
-1290452267
-2031388026
1444596620
939571481
1703511327
-1596216744
1065366773
1539700984
-1259361214
-441284987
-553178019
1053458531
-281940881
-867360691
594837132
1823914225
1543939115
1253505582
836152482
1527704842
-325719867
-1649909266
245654897
1240114432
-2092967841
-944614109
1011607274
-1638345786
872036022
-1663387479
1202601526
-1260001604
-1806620643
-1320353365
-2029064760
-523457198
228023364
-2124769096
-245383022
-1896356118
-1319297052
1787547927
-12192872
-793683587
-1460357855
9934028
-2027943602
-24057506
163595546
-114620499
-1973246013
1802640010
1130110384
196947545
-145903445
-1634840292
-376705878
1019018164
718392985
-985403739
-214003036
-1117334759
1534887923
1612583839
160843154
1096950520
1296771190
1178387298
1835763612
1418390150
1220204045
-759051874
-388313428
1150385157
2060425020
-939401845
893560066
218282752
921574710
1154839737
-1025224918
-120079530
-828211470
1236031961
2137242937
1249655890
-597144025
-917841138
629089873
-2033045090
1680328063
466542746
-1128246027
-1318461063
1600668894
-322511292
-511990236
-1704081794
1593949027
-714654983
-1972991309
984884448
1551366950
151327273
-382560796
-1731640721
-1976073007
130523267
488990445
836579158
-373811549
277965173
357629219
46022294
484474173
-1524058197
1887858521
-707605923
-663725548
-193265337
-2146433135
1408336401
-661087886
1445849720
-1471959600
-695579395
-549546637
268793093
-199411158
538838538
-996850241
1082330136
-614933715
387508606
952257806
1628645178
1413477789
1707299370
2044055303
-2008165814
-782121049
1507977400
-791788447
109169315
-71860910
-1361530902
-1486309596
-1179194069
-485837954
434165182
-835204749
-1518045855
-2053695322
1059857783
-1145663065
1317650449
1316955894
-1911045348
7462242
2097766484
1978640995
-497531250
1187956303
1247450063
-1075637991
-456158140
-1537838309
-1175221528
-1926075480
-1155700479
-1009435983
-740459303
2031698901
-1274477986
-9338203
-1601484524
-520822051
-1628336123
-1282288341
2029240815
298115879
622071327
2030190602
158730845
-937105199
852799055
-12882133
2049201057
-1959834407
-1089241452
-648777628
1891545191
-1633611386
1932314429
1734078425
-520580170
-1906429562
628384387
298489137
-591006758
-851479839
-17444878
-466271560
2000429587
-2131982054
-771643882
1742860710
1272136815
-1181914065
1065803605
1472026352
-1401531626
-1198587995
566799147
-49435344
657250366
567226924
-1826964313
315758089
-939364864
1648999696
-1309887599
1163264800
1579630696
58116087
1940810962
306476557
-1831796668
-924572856
-2110332522
1965830386
1997726359
-157551901
-818819882
1062954943
534562242
-2051160810
-2104477203
2089055210
-328540018
-784533208
-1856062295
1566493125
-1439905118
-361699374
866931673
494186389
-1800596478
1046786609
1267162974
434645928
-1987027848
-258514085
-1042019467
180660882
-732735730
-1082134691
1621226343
-917106994
-1541559533
-319478985
-872959192
133081711
-928309866
1576470470
1854586131
-1253830480
456299253
272622256
-635319928
1934416652
165373733
-931295393
320149193
-765518689
-1127329738
-272549646
1871301556
1398389758
1852369877
-1601510282
-1739575740
1943788506
-72909577
1955374738
1166932309
-894674513
421431618
1614577093
-1777077456
-2054846834
-807750752
243632701
-1577127245
1200688979
-340141988
1262509863
-263516914
-548446453
-1021917429
1983710516
-1823818939
-598428328
-2007756855
-779290817
1991511603
1735657940
151272645
-506275820
-835274987
1456007808
197044363
590691241
1004773112
-936458817
-84875750
2009169145
-1247724433
1120486744
1889306753
2085392152
1172925685
-731710952
-151514743
-687606777
-1302366260
-1409035022
839753849
-217262280
-475372738
1894295653
-1155041825
-1747238970
614753461
-435935563
1058435400
721852102
-1625000404
-1434069666
-1035294574
84967806
-1694768966
662881060
674276976
-1992553913
-2138723179
1803967198
191816904
-1672471878
934699123
-1017156300
625728688
250086838
-1693094886
263464472
1151232433
-229337409
661604479
1783489561
1871310104
-1849738222
594967953
-365247211
438649793
-1821713525
358847040
-1272634122
344868968
887664985
-555546180
-1581467767
-1124398129
-1102199570
-241102489
528839663
-692595301
-1434412894
-261336359
1078593734
-606139841
225225722
-1052447398
1581913690
352663837
1151459492
-111058141
-592964422
-764560246
-12189407
1309943056
471624975
180327631
28947035
-984972815
-1598358075
320709151
-1067847483
-1802510224
-658610642
-1801881139
904267360
-246488921
568368837
1877694011
929333968
1390380873
1527091032
-1066229028
-1371203864
971800121
-1697851535
1981749129
-699823219
-1684446132
-1011700739
174639548
295882937
-1335555700
-1614318159
2012195110
-436327268
633165201
928817839
-2086728422
-1051314242
1547753749
-1545709193
1996507686
1969274993
770869195
-245750358
1546636505
1527923299
1261075471
-1344593161
433034891
-1287636644
1354104661
816444974
1775904144
-1458665230
118542077
-788811522
-1294047332
815720921
-2051569397
-770523640
-434329282
55287701
1412551622
1724350669
-1440366792
757540233
147345971
190204387
-1933506887
-1340824331
1515340260
1819199237
1593775188
1415308209
-120412090
-756598489
147130504
-1418831654
-1715441776
556055221
-1474820678
1589992119
-1916627334
2088201677
-39549405
-1214703581
-756917977
1268635721
1486518736
1155344893
1634411190
-759741962
1793254374
1250617026
-1806239672
-316018505
323934430
1913213321
-1015547752
-1301710979
1115049367
555440080
-726852172
1845798432
512067596
526374850
1602602563
-1840971596
-1851208064
-981685160
